--------CROSSOVER TEST 1--------
cutpb = 0.2, indpb = 0.2

MICRO-XOVER
[[0, 0, 0, 1, 1], [0.1, 0.1, 0.1, 0, 0], [0.2, 0.3, 0.4, 1, 1]]
[[1, 1, 1, 0.2, 0.2], [0.3, 0.3, 0.3, 0.4, 0.4]]
---------------------------------------------
MICRO-XOVER
[[0, 0, 0, 0.2, 0.2], [1, 1, 1, 0, 0], [0.2, 0.3, 0.4, 1, 1]]
[[0.1, 0.1, 0.1, 1, 1], [0.3, 0.3, 0.3, 0.4, 0.4]]
---------------------------------------------
MACRO-XOVER
[[0, 0, 0, 1, 1], [0.3, 0.3, 0.3, 0.4, 0.4]]
[[0.1, 0.1, 0.1, 0.2, 0.2], [1, 1, 1, 0, 0], [0.2, 0.3, 0.4, 1, 1]]
---------------------------------------------
MICRO-XOVER
[[0, 0, 0, 1, 1], [1, 1, 1, 0, 0], [0.1, 0.1, 0.1, 1, 1]]
[[0.2, 0.3, 0.4, 0.2, 0.2], [0.3, 0.3, 0.3, 0.4, 0.4]]
---------------------------------------------
MICRO-XOVER
[[0, 0, 0, 1, 1], [0.3, 0.3, 0.3, 0, 0], [0.2, 0.3, 0.4, 1, 1]]
[[0.1, 0.1, 0.1, 0.2, 0.2], [1, 1, 1, 0.4, 0.4]]
---------------------------------------------
MICRO-XOVER
[[0, 0, 0, 1, 1], [1, 1, 1, 0.2, 0.2], [0.2, 0.3, 0.4, 1, 1]]
[[0.1, 0.1, 0.1, 0, 0], [0.3, 0.3, 0.3, 0.4, 0.4]]
---------------------------------------------
MICRO-XOVER
[[0, 0, 0, 1, 1], [1, 1, 1, 0, 0], [0.2, 0.3, 0.4, 0.4, 0.4]]
[[0.1, 0.1, 0.1, 0.2, 0.2], [0.3, 0.3, 0.3, 1, 1]]
---------------------------------------------
MICRO-XOVER
[[0, 0, 0, 1, 1], [0.1, 0.1, 0.1, 0, 0], [0.2, 0.3, 0.4, 1, 1]]
[[1, 1, 1, 0.2, 0.2], [0.3, 0.3, 0.3, 0.4, 0.4]]
---------------------------------------------
MICRO-XOVER
[[0.3, 0.3, 0.3, 1, 1], [1, 1, 1, 0, 0], [0.2, 0.3, 0.4, 1, 1]]
[[0.1, 0.1, 0.1, 0.2, 0.2], [0, 0, 0, 0.4, 0.4]]
---------------------------------------------
MICRO-XOVER
[[0, 0, 0, 1, 1], [1, 1, 1, 0, 0], [0.3, 0.3, 0.3, 1, 1]]
[[0.1, 0.1, 0.1, 0.2, 0.2], [0.2, 0.3, 0.4, 0.4, 0.4]]
---------------------------------------------
MACRO-XOVER
[[0, 0, 0, 1, 1], [0.3, 0.3, 0.3, 0.4, 0.4]]
[[0.1, 0.1, 0.1, 0.2, 0.2], [1, 1, 1, 0, 0], [0.2, 0.3, 0.4, 1, 1]]
---------------------------------------------
MICRO-XOVER
[[0, 0, 0, 1, 1], [1, 1, 1, 0, 0], [0.3, 0.3, 0.3, 1, 1]]
[[0.1, 0.1, 0.1, 0.2, 0.2], [0.2, 0.3, 0.4, 0.4, 0.4]]
---------------------------------------------
MICRO-XOVER
[[0, 0, 0, 1, 1], [1, 1, 1, 0, 0], [0.3, 0.3, 0.3, 0.4, 0.4]]
[[0.1, 0.1, 0.1, 0.2, 0.2], [0.2, 0.3, 0.4, 1, 1]]
---------------------------------------------
MICRO-XOVER
[[0.3, 0.3, 0.3, 1, 1], [1, 1, 1, 0, 0], [0.2, 0.3, 0.4, 1, 1]]
[[0.1, 0.1, 0.1, 0.2, 0.2], [0, 0, 0, 0.4, 0.4]]
---------------------------------------------
MICRO-XOVER
[[0, 0, 0, 1, 1], [1, 1, 1, 0, 0], [0.3, 0.3, 0.3, 1, 1]]
[[0.1, 0.1, 0.1, 0.2, 0.2], [0.2, 0.3, 0.4, 0.4, 0.4]]
---------------------------------------------
MACRO-XOVER
[[0, 0, 0, 1, 1], [1, 1, 1, 0, 0], [0.3, 0.3, 0.3, 0.4, 0.4]]
[[0.1, 0.1, 0.1, 0.2, 0.2], [0.2, 0.3, 0.4, 1, 1]]
---------------------------------------------
MACRO-XOVER
[[0, 0, 0, 1, 1], [0.3, 0.3, 0.3, 0.4, 0.4]]
[[0.1, 0.1, 0.1, 0.2, 0.2], [1, 1, 1, 0, 0], [0.2, 0.3, 0.4, 1, 1]]
---------------------------------------------
MICRO-XOVER
[[0, 0, 0, 1, 1], [1, 1, 1, 0, 0], [0.1, 0.1, 0.1, 1, 1]]
[[0.2, 0.3, 0.4, 0.2, 0.2], [0.3, 0.3, 0.3, 0.4, 0.4]]
---------------------------------------------
MICRO-XOVER
[[0, 0, 0, 1, 1], [1, 1, 1, 0, 0], [0.1, 0.1, 0.1, 1, 1]]
[[0.2, 0.3, 0.4, 0.2, 0.2], [0.3, 0.3, 0.3, 0.4, 0.4]]
---------------------------------------------
MICRO-XOVER
[[0, 0, 0, 0.2, 0.2], [1, 1, 1, 0, 0], [0.2, 0.3, 0.4, 1, 1]]
[[0.1, 0.1, 0.1, 1, 1], [0.3, 0.3, 0.3, 0.4, 0.4]]
---------------------------------------------
MICRO-XOVER
[[0, 0, 0, 1, 1], [0.1, 0.1, 0.1, 0, 0], [0.2, 0.3, 0.4, 1, 1]]
[[1, 1, 1, 0.2, 0.2], [0.3, 0.3, 0.3, 0.4, 0.4]]
---------------------------------------------
MICRO-XOVER
[[0.1, 0.1, 0.1, 1, 1], [1, 1, 1, 0, 0], [0.2, 0.3, 0.4, 1, 1]]
[[0, 0, 0, 0.2, 0.2], [0.3, 0.3, 0.3, 0.4, 0.4]]
---------------------------------------------
MICRO-XOVER
[[0, 0, 0, 1, 1], [1, 1, 1, 0, 0], [0.3, 0.3, 0.3, 1, 1]]
[[0.1, 0.1, 0.1, 0.2, 0.2], [0.2, 0.3, 0.4, 0.4, 0.4]]
---------------------------------------------
MICRO-XOVER
[[0, 0, 0, 1, 1], [1, 1, 1, 0, 0], [0.3, 0.3, 0.3, 1, 1]]
[[0.1, 0.1, 0.1, 0.2, 0.2], [0.2, 0.3, 0.4, 0.4, 0.4]]
---------------------------------------------
MICRO-XOVER
[[0, 0, 0, 1, 1], [1, 1, 1, 0, 0], [0.1, 0.1, 0.1, 1, 1]]
[[0.2, 0.3, 0.4, 0.2, 0.2], [0.3, 0.3, 0.3, 0.4, 0.4]]
---------------------------------------------
MICRO-XOVER
[[0, 0, 0, 1, 1], [0.1, 0.1, 0.1, 0, 0], [0.2, 0.3, 0.4, 1, 1]]
[[1, 1, 1, 0.2, 0.2], [0.3, 0.3, 0.3, 0.4, 0.4]]
---------------------------------------------
MACRO-XOVER
[[0, 0, 0, 1, 1], [1, 1, 1, 0, 0], [0.3, 0.3, 0.3, 0.4, 0.4]]
[[0.1, 0.1, 0.1, 0.2, 0.2], [0.2, 0.3, 0.4, 1, 1]]
---------------------------------------------
MICRO-XOVER
[[0, 0, 0, 1, 1], [1, 1, 1, 0, 0], [0.3, 0.3, 0.3, 1, 1]]
[[0.1, 0.1, 0.1, 0.2, 0.2], [0.2, 0.3, 0.4, 0.4, 0.4]]
---------------------------------------------
MICRO-XOVER
[[0, 0, 0, 1, 1], [0.3, 0.3, 0.3, 0, 0], [0.2, 0.3, 0.4, 1, 1]]
[[0.1, 0.1, 0.1, 0.2, 0.2], [1, 1, 1, 0.4, 0.4]]
---------------------------------------------
MICRO-XOVER
[[0, 0, 0, 1, 1], [1, 1, 1, 0.4, 0.4], [0.2, 0.3, 0.4, 1, 1]]
[[0.1, 0.1, 0.1, 0.2, 0.2], [0.3, 0.3, 0.3, 0, 0]]
---------------------------------------------
MACRO-XOVER
[[0, 0, 0, 1, 1], [0.3, 0.3, 0.3, 0.4, 0.4]]
[[0.1, 0.1, 0.1, 0.2, 0.2], [1, 1, 1, 0, 0], [0.2, 0.3, 0.4, 1, 1]]
---------------------------------------------
MICRO-XOVER
[[0, 0, 0, 1, 1], [1, 1, 1, 0, 0], [0.2, 0.3, 0.4, 0.2, 0.2]]
[[0.1, 0.1, 0.1, 1, 1], [0.3, 0.3, 0.3, 0.4, 0.4]]
---------------------------------------------
MICRO-XOVER
[[0, 0, 0, 0.2, 0.2], [1, 1, 1, 0, 0], [0.2, 0.3, 0.4, 1, 1]]
[[0.1, 0.1, 0.1, 1, 1], [0.3, 0.3, 0.3, 0.4, 0.4]]
---------------------------------------------
MICRO-XOVER
[[0, 0, 0, 1, 1], [1, 1, 1, 0.2, 0.2], [0.2, 0.3, 0.4, 1, 1]]
[[0.1, 0.1, 0.1, 0, 0], [0.3, 0.3, 0.3, 0.4, 0.4]]
---------------------------------------------
MICRO-XOVER
[[0, 0, 0, 1, 1], [1, 1, 1, 0, 0], [0.1, 0.1, 0.1, 1, 1]]
[[0.2, 0.3, 0.4, 0.2, 0.2], [0.3, 0.3, 0.3, 0.4, 0.4]]
---------------------------------------------
MICRO-XOVER
[[0, 0, 0, 1, 1], [1, 1, 1, 0.4, 0.4], [0.2, 0.3, 0.4, 1, 1]]
[[0.1, 0.1, 0.1, 0.2, 0.2], [0.3, 0.3, 0.3, 0, 0]]
---------------------------------------------
MICRO-XOVER
[[0, 0, 0, 1, 1], [1, 1, 1, 0.4, 0.4], [0.2, 0.3, 0.4, 1, 1]]
[[0.1, 0.1, 0.1, 0.2, 0.2], [0.3, 0.3, 0.3, 0, 0]]
---------------------------------------------
MACRO-XOVER
[[0, 0, 0, 1, 1], [0.3, 0.3, 0.3, 0.4, 0.4]]
[[0.1, 0.1, 0.1, 0.2, 0.2], [1, 1, 1, 0, 0], [0.2, 0.3, 0.4, 1, 1]]
---------------------------------------------
MICRO-XOVER
[[0, 0, 0, 1, 1], [1, 1, 1, 0, 0], [0.2, 0.3, 0.4, 0.4, 0.4]]
[[0.1, 0.1, 0.1, 0.2, 0.2], [0.3, 0.3, 0.3, 1, 1]]
---------------------------------------------
MICRO-XOVER
[[0, 0, 0, 1, 1], [0.3, 0.3, 0.3, 0, 0], [0.2, 0.3, 0.4, 1, 1]]
[[0.1, 0.1, 0.1, 0.2, 0.2], [1, 1, 1, 0.4, 0.4]]
---------------------------------------------
MACRO-XOVER
[[0, 0, 0, 1, 1], [1, 1, 1, 0, 0], [0.3, 0.3, 0.3, 0.4, 0.4]]
[[0.1, 0.1, 0.1, 0.2, 0.2], [0.2, 0.3, 0.4, 1, 1]]
---------------------------------------------
MACRO-XOVER
[[0, 0, 0, 1, 1], [0.3, 0.3, 0.3, 0.4, 0.4]]
[[0.1, 0.1, 0.1, 0.2, 0.2], [1, 1, 1, 0, 0], [0.2, 0.3, 0.4, 1, 1]]
---------------------------------------------
MICRO-XOVER
[[0, 0, 0, 1, 1], [0.1, 0.1, 0.1, 0, 0], [0.2, 0.3, 0.4, 1, 1]]
[[1, 1, 1, 0.2, 0.2], [0.3, 0.3, 0.3, 0.4, 0.4]]
---------------------------------------------
MACRO-XOVER
[[0, 0, 0, 1, 1], [0.3, 0.3, 0.3, 0.4, 0.4]]
[[0.1, 0.1, 0.1, 0.2, 0.2], [1, 1, 1, 0, 0], [0.2, 0.3, 0.4, 1, 1]]
---------------------------------------------
MICRO-XOVER
[[0.1, 0.1, 0.1, 1, 1], [1, 1, 1, 0, 0], [0.2, 0.3, 0.4, 1, 1]]
[[0, 0, 0, 0.2, 0.2], [0.3, 0.3, 0.3, 0.4, 0.4]]
---------------------------------------------
MACRO-XOVER
[[0, 0, 0, 1, 1], [0.3, 0.3, 0.3, 0.4, 0.4]]
[[0.1, 0.1, 0.1, 0.2, 0.2], [1, 1, 1, 0, 0], [0.2, 0.3, 0.4, 1, 1]]
---------------------------------------------
MICRO-XOVER
[[0, 0, 0, 1, 1], [1, 1, 1, 0, 0], [0.1, 0.1, 0.1, 1, 1]]
[[0.2, 0.3, 0.4, 0.2, 0.2], [0.3, 0.3, 0.3, 0.4, 0.4]]
---------------------------------------------
MACRO-XOVER
[[0, 0, 0, 1, 1], [1, 1, 1, 0, 0], [0.3, 0.3, 0.3, 0.4, 0.4]]
[[0.1, 0.1, 0.1, 0.2, 0.2], [0.2, 0.3, 0.4, 1, 1]]
---------------------------------------------
MICRO-XOVER
[[0, 0, 0, 1, 1], [1, 1, 1, 0, 0], [0.1, 0.1, 0.1, 1, 1]]
[[0.2, 0.3, 0.4, 0.2, 0.2], [0.3, 0.3, 0.3, 0.4, 0.4]]
---------------------------------------------
MACRO-XOVER
[[0, 0, 0, 1, 1], [1, 1, 1, 0, 0], [0.3, 0.3, 0.3, 0.4, 0.4]]
[[0.1, 0.1, 0.1, 0.2, 0.2], [0.2, 0.3, 0.4, 1, 1]]
---------------------------------------------
MICRO-XOVER
[[0, 0, 0, 1, 1], [0.1, 0.1, 0.1, 0, 0], [0.2, 0.3, 0.4, 1, 1]]
[[1, 1, 1, 0.2, 0.2], [0.3, 0.3, 0.3, 0.4, 0.4]]
---------------------------------------------
MICRO-XOVER
[[0, 0, 0, 1, 1], [1, 1, 1, 0.2, 0.2], [0.2, 0.3, 0.4, 1, 1]]
[[0.1, 0.1, 0.1, 0, 0], [0.3, 0.3, 0.3, 0.4, 0.4]]
---------------------------------------------
MICRO-XOVER
[[0, 0, 0, 0.2, 0.2], [1, 1, 1, 0, 0], [0.2, 0.3, 0.4, 1, 1]]
[[0.1, 0.1, 0.1, 1, 1], [0.3, 0.3, 0.3, 0.4, 0.4]]
---------------------------------------------
MICRO-XOVER
[[0, 0, 0, 1, 1], [1, 1, 1, 0.2, 0.2], [0.2, 0.3, 0.4, 1, 1]]
[[0.1, 0.1, 0.1, 0, 0], [0.3, 0.3, 0.3, 0.4, 0.4]]
---------------------------------------------
MACRO-XOVER
[[0, 0, 0, 1, 1], [1, 1, 1, 0, 0], [0.3, 0.3, 0.3, 0.4, 0.4]]
[[0.1, 0.1, 0.1, 0.2, 0.2], [0.2, 0.3, 0.4, 1, 1]]
---------------------------------------------
MICRO-XOVER
[[0, 0, 0, 1, 1], [0.1, 0.1, 0.1, 0, 0], [0.2, 0.3, 0.4, 1, 1]]
[[1, 1, 1, 0.2, 0.2], [0.3, 0.3, 0.3, 0.4, 0.4]]
---------------------------------------------
MICRO-XOVER
[[0, 0, 0, 1, 1], [1, 1, 1, 0, 0], [0.2, 0.3, 0.4, 0.4, 0.4]]
[[0.1, 0.1, 0.1, 0.2, 0.2], [0.3, 0.3, 0.3, 1, 1]]
---------------------------------------------
MICRO-XOVER
[[0, 0, 0, 1, 1], [1, 1, 1, 0, 0], [0.1, 0.1, 0.1, 1, 1]]
[[0.2, 0.3, 0.4, 0.2, 0.2], [0.3, 0.3, 0.3, 0.4, 0.4]]
---------------------------------------------
MACRO-XOVER
[[0, 0, 0, 1, 1], [0.3, 0.3, 0.3, 0.4, 0.4]]
[[0.1, 0.1, 0.1, 0.2, 0.2], [1, 1, 1, 0, 0], [0.2, 0.3, 0.4, 1, 1]]
---------------------------------------------
MICRO-XOVER
[[0, 0, 0, 1, 1], [0.1, 0.1, 0.1, 0, 0], [0.2, 0.3, 0.4, 0.2, 0.2]]
[[1, 1, 1, 1, 1], [0.3, 0.3, 0.3, 0.4, 0.4]]
---------------------------------------------
MICRO-XOVER
[[0, 0, 0, 1, 1], [1, 1, 1, 0, 0], [0.2, 0.3, 0.4, 0.2, 0.2]]
[[0.1, 0.1, 0.1, 1, 1], [0.3, 0.3, 0.3, 0.4, 0.4]]
---------------------------------------------
MICRO-XOVER
[[0.3, 0.3, 0.3, 1, 1], [1, 1, 1, 0, 0], [0.2, 0.3, 0.4, 1, 1]]
[[0.1, 0.1, 0.1, 0.2, 0.2], [0, 0, 0, 0.4, 0.4]]
---------------------------------------------
MICRO-XOVER
[[0, 0, 0, 1, 1], [1, 1, 1, 0.4, 0.4], [0.2, 0.3, 0.4, 1, 1]]
[[0.1, 0.1, 0.1, 0.2, 0.2], [0.3, 0.3, 0.3, 0, 0]]
---------------------------------------------
MICRO-XOVER
[[0, 0, 0, 1, 1], [1, 1, 1, 0, 0], [0.2, 0.3, 0.4, 0.4, 0.4]]
[[0.1, 0.1, 0.1, 0.2, 0.2], [0.3, 0.3, 0.3, 1, 1]]
---------------------------------------------
MACRO-XOVER
[[0, 0, 0, 1, 1], [1, 1, 1, 0, 0], [0.3, 0.3, 0.3, 0.4, 0.4]]
[[0.1, 0.1, 0.1, 0.2, 0.2], [0.2, 0.3, 0.4, 1, 1]]
---------------------------------------------
MICRO-XOVER
[[0, 0, 0, 0.4, 0.4], [1, 1, 1, 0, 0], [0.2, 0.3, 0.4, 1, 1]]
[[0.1, 0.1, 0.1, 0.2, 0.2], [0.3, 0.3, 0.3, 1, 1]]
---------------------------------------------
MICRO-XOVER
[[0, 0, 0, 1, 1], [1, 1, 1, 0, 0], [0.1, 0.1, 0.1, 1, 1]]
[[0.2, 0.3, 0.4, 0.2, 0.2], [0.3, 0.3, 0.3, 0.4, 0.4]]
---------------------------------------------
MICRO-XOVER
[[0, 0, 0, 1, 1], [1, 1, 1, 0, 0], [0.1, 0.1, 0.1, 1, 1]]
[[0.2, 0.3, 0.4, 0.2, 0.2], [0.3, 0.3, 0.3, 0.4, 0.4]]
---------------------------------------------
MICRO-XOVER
[[0, 0, 0, 1, 1], [0.1, 0.1, 0.1, 0, 0], [0.2, 0.3, 0.4, 1, 1]]
[[1, 1, 1, 0.2, 0.2], [0.3, 0.3, 0.3, 0.4, 0.4]]
---------------------------------------------
MICRO-XOVER
[[0, 0, 0, 0.2, 0.2], [1, 1, 1, 0, 0], [0.2, 0.3, 0.4, 1, 1]]
[[0.1, 0.1, 0.1, 1, 1], [0.3, 0.3, 0.3, 0.4, 0.4]]
---------------------------------------------
MICRO-XOVER
[[0, 0, 0, 1, 1], [1, 1, 1, 0, 0], [0.3, 0.3, 0.3, 1, 1]]
[[0.1, 0.1, 0.1, 0.2, 0.2], [0.2, 0.3, 0.4, 0.4, 0.4]]
---------------------------------------------
MICRO-XOVER
[[0, 0, 0, 0.4, 0.4], [1, 1, 1, 0, 0], [0.2, 0.3, 0.4, 1, 1]]
[[0.1, 0.1, 0.1, 0.2, 0.2], [0.3, 0.3, 0.3, 1, 1]]
---------------------------------------------
MICRO-XOVER
[[0, 0, 0, 1, 1], [1, 1, 1, 0, 0], [0.2, 0.3, 0.4, 0.4, 0.4]]
[[0.1, 0.1, 0.1, 0.2, 0.2], [0.3, 0.3, 0.3, 1, 1]]
---------------------------------------------
MICRO-XOVER
[[0.1, 0.1, 0.1, 1, 1], [1, 1, 1, 0, 0], [0.2, 0.3, 0.4, 1, 1]]
[[0, 0, 0, 0.2, 0.2], [0.3, 0.3, 0.3, 0.4, 0.4]]
---------------------------------------------
MICRO-XOVER
[[0.1, 0.1, 0.1, 1, 1], [1, 1, 1, 0, 0], [0.2, 0.3, 0.4, 1, 1]]
[[0, 0, 0, 0.2, 0.2], [0.3, 0.3, 0.3, 0.4, 0.4]]
---------------------------------------------
MACRO-XOVER
[[0, 0, 0, 1, 1], [1, 1, 1, 0, 0], [0.3, 0.3, 0.3, 0.4, 0.4]]
[[0.1, 0.1, 0.1, 0.2, 0.2], [0.2, 0.3, 0.4, 1, 1]]
---------------------------------------------
MICRO-XOVER
[[0, 0, 0, 1, 1], [1, 1, 1, 0, 0], [0.1, 0.1, 0.1, 1, 1]]
[[0.2, 0.3, 0.4, 0.2, 0.2], [0.3, 0.3, 0.3, 0.4, 0.4]]
---------------------------------------------
MICRO-XOVER
[[0, 0, 0, 1, 1], [0.3, 0.3, 0.3, 0, 0], [0.2, 0.3, 0.4, 1, 1]]
[[0.1, 0.1, 0.1, 0.2, 0.2], [1, 1, 1, 0.4, 0.4]]
---------------------------------------------
MICRO-XOVER
[[0, 0, 0, 0.4, 0.4], [1, 1, 1, 0, 0], [0.2, 0.3, 0.4, 1, 1]]
[[0.1, 0.1, 0.1, 0.2, 0.2], [0.3, 0.3, 0.3, 1, 1]]
---------------------------------------------
MICRO-XOVER
[[0.1, 0.1, 0.1, 1, 1], [1, 1, 1, 0, 0], [0.2, 0.3, 0.4, 1, 1]]
[[0, 0, 0, 0.2, 0.2], [0.3, 0.3, 0.3, 0.4, 0.4]]
---------------------------------------------
MICRO-XOVER
[[0, 0, 0, 1, 1], [0.1, 0.1, 0.1, 0, 0], [0.2, 0.3, 0.4, 1, 1]]
[[1, 1, 1, 0.2, 0.2], [0.3, 0.3, 0.3, 0.4, 0.4]]
---------------------------------------------
MICRO-XOVER
[[0.1, 0.1, 0.1, 1, 1], [1, 1, 1, 0, 0], [0.2, 0.3, 0.4, 1, 1]]
[[0, 0, 0, 0.2, 0.2], [0.3, 0.3, 0.3, 0.4, 0.4]]
---------------------------------------------
MACRO-XOVER
[[0, 0, 0, 1, 1], [1, 1, 1, 0, 0], [0.3, 0.3, 0.3, 0.4, 0.4]]
[[0.1, 0.1, 0.1, 0.2, 0.2], [0.2, 0.3, 0.4, 1, 1]]
---------------------------------------------
MICRO-XOVER
[[0.1, 0.1, 0.1, 1, 1], [1, 1, 1, 0, 0], [0.2, 0.3, 0.4, 1, 1]]
[[0, 0, 0, 0.2, 0.2], [0.3, 0.3, 0.3, 0.4, 0.4]]
---------------------------------------------
MACRO-XOVER
[[0, 0, 0, 1, 1], [0.3, 0.3, 0.3, 0.4, 0.4]]
[[0.1, 0.1, 0.1, 0.2, 0.2], [1, 1, 1, 0, 0], [0.2, 0.3, 0.4, 1, 1]]
---------------------------------------------
MICRO-XOVER
[[0, 0, 0, 1, 1], [1, 1, 1, 0, 0], [0.3, 0.3, 0.3, 1, 1]]
[[0.1, 0.1, 0.1, 0.2, 0.2], [0.2, 0.3, 0.4, 0.4, 0.4]]
---------------------------------------------
MICRO-XOVER
[[0, 0, 0, 1, 1], [1, 1, 1, 0, 0], [0.2, 0.3, 0.4, 0.4, 0.4]]
[[0.1, 0.1, 0.1, 0.2, 0.2], [0.3, 0.3, 0.3, 1, 1]]
---------------------------------------------
MICRO-XOVER
[[0.3, 0.3, 0.3, 1, 1], [1, 1, 1, 0, 0], [0.2, 0.3, 0.4, 1, 1]]
[[0.1, 0.1, 0.1, 0.2, 0.2], [0, 0, 0, 0.4, 0.4]]
---------------------------------------------
MICRO-XOVER
[[0, 0, 0, 0.2, 0.2], [1, 1, 1, 0, 0], [0.2, 0.3, 0.4, 1, 1]]
[[0.1, 0.1, 0.1, 1, 1], [0.3, 0.3, 0.3, 0.4, 0.4]]
---------------------------------------------
MICRO-XOVER
[[0.3, 0.3, 0.3, 1, 1], [1, 1, 1, 0, 0], [0.2, 0.3, 0.4, 1, 1]]
[[0.1, 0.1, 0.1, 0.2, 0.2], [0, 0, 0, 0.4, 0.4]]
---------------------------------------------
MICRO-XOVER
[[0, 0, 0, 1, 1], [0.3, 0.3, 0.3, 0, 0], [0.2, 0.3, 0.4, 1, 1]]
[[0.1, 0.1, 0.1, 0.2, 0.2], [1, 1, 1, 0.4, 0.4]]
---------------------------------------------
MICRO-XOVER
[[0, 0, 0, 1, 1], [1, 1, 1, 0, 0], [0.1, 0.1, 0.1, 1, 1]]
[[0.2, 0.3, 0.4, 0.2, 0.2], [0.3, 0.3, 0.3, 0.4, 0.4]]
---------------------------------------------
MACRO-XOVER
[[0, 0, 0, 1, 1], [1, 1, 1, 0, 0], [0.3, 0.3, 0.3, 0.4, 0.4]]
[[0.1, 0.1, 0.1, 0.2, 0.2], [0.2, 0.3, 0.4, 1, 1]]
---------------------------------------------
MICRO-XOVER
[[0, 0, 0, 1, 1], [1, 1, 1, 0, 0], [0.3, 0.3, 0.3, 1, 1]]
[[0.1, 0.1, 0.1, 0.2, 0.2], [0.2, 0.3, 0.4, 0.4, 0.4]]
---------------------------------------------
MICRO-XOVER
[[0, 0, 0, 1, 1], [1, 1, 1, 0.2, 0.2], [0.2, 0.3, 0.4, 1, 1]]
[[0.1, 0.1, 0.1, 0, 0], [0.3, 0.3, 0.3, 0.4, 0.4]]
---------------------------------------------
MICRO-XOVER
[[0, 0, 0, 1, 1], [0.3, 0.3, 0.3, 0, 0], [0.2, 0.3, 0.4, 1, 1]]
[[0.1, 0.1, 0.1, 0.2, 0.2], [1, 1, 1, 0.4, 0.4]]
---------------------------------------------
MICRO-XOVER
[[0, 0, 0, 1, 1], [1, 1, 1, 0.2, 0.2], [0.2, 0.3, 0.4, 1, 1]]
[[0.1, 0.1, 0.1, 0, 0], [0.3, 0.3, 0.3, 0.4, 0.4]]
---------------------------------------------
MICRO-XOVER
[[0.3, 0.3, 0.3, 1, 1], [1, 1, 1, 0, 0], [0.2, 0.3, 0.4, 1, 1]]
[[0.1, 0.1, 0.1, 0.2, 0.2], [0, 0, 0, 0.4, 0.4]]
---------------------------------------------
MICRO-XOVER
[[0, 0, 0, 0.2, 0.2], [1, 1, 1, 0, 0], [0.2, 0.3, 0.4, 1, 1]]
[[0.1, 0.1, 0.1, 1, 1], [0.3, 0.3, 0.3, 0.4, 0.4]]
---------------------------------------------
MACRO-XOVER
[[0, 0, 0, 1, 1], [1, 1, 1, 0, 0], [0.3, 0.3, 0.3, 0.4, 0.4]]
[[0.1, 0.1, 0.1, 0.2, 0.2], [0.2, 0.3, 0.4, 1, 1]]
---------------------------------------------
--------CROSSOVER TEST 2--------
MICRO-XOVER
[[15, 15, 15, 0, 0], [15, 15, 15, 0.2, 0]]
[[20, 10, 40, 0.7, 0], [20, 10, 40, 0.5, 0]]
---------------------------------------------
MICRO-XOVER
[[15, 15, 15, 0.2, 0], [15, 15, 15, 0.5, 0]]
[[20, 10, 40, 0.7, 0], [20, 10, 40, 0, 0]]
---------------------------------------------
MICRO-XOVER
[[20, 10, 40, 0, 0], [15, 15, 15, 0.5, 0]]
[[15, 15, 15, 0.7, 0], [20, 10, 40, 0.2, 0]]
---------------------------------------------
MICRO-XOVER
[[15, 15, 15, 0, 0], [20, 10, 40, 0.5, 0]]
[[20, 10, 40, 0.7, 0], [15, 15, 15, 0.2, 0]]
---------------------------------------------
MICRO-XOVER
[[20, 10, 40, 0, 0], [15, 15, 15, 0.5, 0]]
[[15, 15, 15, 0.7, 0], [20, 10, 40, 0.2, 0]]
---------------------------------------------
MACRO-XOVER
[[15, 15, 15, 0, 0], [20, 10, 40, 0.2, 0]]
[[20, 10, 40, 0.7, 0], [15, 15, 15, 0.5, 0]]
---------------------------------------------
MICRO-XOVER
[[15, 15, 15, 0.7, 0], [15, 15, 15, 0.5, 0]]
[[20, 10, 40, 0, 0], [20, 10, 40, 0.2, 0]]
---------------------------------------------
MICRO-XOVER
[[15, 15, 15, 0.7, 0], [15, 15, 15, 0.5, 0]]
[[20, 10, 40, 0, 0], [20, 10, 40, 0.2, 0]]
---------------------------------------------
MACRO-XOVER
[[15, 15, 15, 0, 0], [20, 10, 40, 0.2, 0]]
[[20, 10, 40, 0.7, 0], [15, 15, 15, 0.5, 0]]
---------------------------------------------
MICRO-XOVER
[[20, 10, 40, 0, 0], [15, 15, 15, 0.5, 0]]
[[15, 15, 15, 0.7, 0], [20, 10, 40, 0.2, 0]]
---------------------------------------------
