--------MUTATION TEST--------
[[0.16351698719719446, 0.1, 0.06974923567774235, 0.2, 0.2], [0.40974099240162315, 0.3, 0.3, 0.4, 0.4]]
[[0.3, 0.3, 0.3, 0.4, 0.4], [0.1, 0.1, 0.1, 0.2, 0.2]]
[[0.02, 0.1, 0.1, 0.2, 0.2], [0.3035491655190888, 0.31111887009705663, 0.2771707819711568, 0.4, 0.47430976329400737]]
[[0.1, 0.11306811030723765, 0.16190536003415662, 0.2, 0.1949119824273052], [0.29917151448991164, 0.3, 0.3, 0.4, 0.35713351540650495]]
[[0.3, 0.3, 0.3, 0.4, 0.4], [0.1, 0.1, 0.1, 0.2, 0.2]]
[[0.1, 0.1, 0.10293640662579666, 0.2, 0.21947387134222476], [0.314107833867234, 0.3163833332025175, 0.3, 0.4017044118628323, 0.37847499140788166]]
[[0.1, 0.11265009554157795, 0.13658265764718103, 0.2, 0.2], [0.3069837113867866, 0.3, 0.39853232957981727, 0.4, 0.36231475090160314]]
[[0.1, 0.02, 0.1, 0.08425917728188843, 0.2], [0.3669450120007978, 0.3, 0.3, 0.4, 0.39002660096446296]]
[[0.1, 0.1, 0.1, 0.2, 0.24025754933069568], [0.3, 0.253024839251348, 0.3, 0.4, 0.36551481826611437]]
[[0.10200329197377946, 0.12198520988852903, 0.1, 0.2, 0.2], [0.1996577350699381, 0.3071145505197559, 0.3, 0.38468770064818525, 0.4]]
--------CROSSOVER TEST--------
cutpb = 0.5, indpb = 0.5
ind
[[0.1, 0.1, 0.1, 1, 1], [1, 1, 1, 0, 0]]
[[0, 0, 0, 0.2, 0.2], [0.3, 0.3, 0.3, 0.4, 0.4]]
---------------
ind
[[0.1, 0.1, 0.1, 0.2, 0.2], [1, 1, 1, 0, 0]]
[[0, 0, 0, 0.2, 0.2], [0.3, 0.3, 0.3, 1, 1]]
---------------
cut
[[0, 0, 0, 1, 1], [0.3, 0.3, 0.3, 0.4, 0.4]]
[[0.1, 0.1, 0.1, 0.2, 0.2], [1, 1, 1, 0, 0]]
---------------
cut
[[0, 0, 0, 1, 1], [0.3, 0.3, 0.3, 0.4, 0.4]]
[[0.1, 0.1, 0.1, 0.2, 0.2], [1, 1, 1, 0, 0]]
---------------
cut
[[0, 0, 0, 1, 1], [0.3, 0.3, 0.3, 0.4, 0.4]]
[[0.1, 0.1, 0.1, 0.2, 0.2], [1, 1, 1, 0, 0]]
---------------
ind
[[0.3, 0.3, 0.3, 1, 1], [1, 1, 1, 0, 0]]
[[0.1, 0.1, 0.1, 0.2, 0.2], [0, 0, 0, 0.4, 0.4]]
---------------
cut
[[0, 0, 0, 1, 1], [0.3, 0.3, 0.3, 0.4, 0.4]]
[[0.1, 0.1, 0.1, 0.2, 0.2], [1, 1, 1, 0, 0]]
---------------
ind
[[0, 0, 0, 1, 1], [0.3, 0.3, 0.3, 0, 0]]
[[0.1, 0.1, 0.1, 0.2, 0.2], [1, 1, 1, 0.4, 0.4]]
---------------
ind (SAME AS ORIGINAL)
[[0, 0, 0, 1, 1], [1, 1, 1, 0, 0]]
[[0.1, 0.1, 0.1, 0.2, 0.2], [0.3, 0.3, 0.3, 0.4, 0.4]]
---------------
ind
[[0, 0, 0, 0.2, 0.2], [1, 1, 1, 0, 0]]
[[0.1, 0.1, 0.1, 1, 1], [0.3, 0.3, 0.3, 0.4, 0.4]]
---------------
cut
[[0, 0, 0, 1, 1], [0.3, 0.3, 0.3, 0.4, 0.4]]
[[0.1, 0.1, 0.1, 0.2, 0.2], [1, 1, 1, 0, 0]]
---------------
cut
[[0, 0, 0, 1, 1], [0.3, 0.3, 0.3, 0.4, 0.4]]
[[0.1, 0.1, 0.1, 0.2, 0.2], [1, 1, 1, 0, 0]]
---------------
cut
[[0, 0, 0, 1, 1], [0.3, 0.3, 0.3, 0.4, 0.4]]
[[0.1, 0.1, 0.1, 0.2, 0.2], [1, 1, 1, 0, 0]]
---------------
ind
[[0.3, 0.3, 0.3, 1, 1], [1, 1, 1, 0, 0]]
[[0.1, 0.1, 0.1, 0.2, 0.2], [0, 0, 0, 0.4, 0.4]]
---------------
ind
[[0, 0, 0, 1, 1], [1, 1, 1, 0.4, 0.4]]
[[0.1, 0.1, 0.1, 0.2, 0.2], [0.3, 0.3, 0.3, 0, 0]]
---------------
ind
[[0.1, 0.1, 0.1, 1, 1], [1, 1, 1, 0, 0]]
[[0, 0, 0, 0.2, 0.2], [0.3, 0.3, 0.3, 0.4, 0.4]]
---------------
ind
[[0, 0, 0, 0.2, 0.2], [1, 1, 1, 0, 0]]
[[0.1, 0.1, 0.1, 0.2, 0.2], [0.3, 0.3, 0.3, 1, 1]]
---------------
cut
[[0, 0, 0, 1, 1], [0.3, 0.3, 0.3, 0.4, 0.4]]
[[0.1, 0.1, 0.1, 0.2, 0.2], [1, 1, 1, 0, 0]]
---------------
ind
[[0.3, 0.3, 0.3, 1, 1], [1, 1, 1, 0, 0]]
[[0.1, 0.1, 0.1, 0.2, 0.2], [0, 0, 0, 0.4, 0.4]]
---------------
cut
[[0, 0, 0, 1, 1], [0.3, 0.3, 0.3, 0.4, 0.4]]
[[0.1, 0.1, 0.1, 0.2, 0.2], [1, 1, 1, 0, 0]]
---------------
cut
[[0, 0, 0, 1, 1], [0.3, 0.3, 0.3, 0.4, 0.4]]
[[0.1, 0.1, 0.1, 0.2, 0.2], [1, 1, 1, 0, 0]]
---------------
ind
[[0.1, 0.1, 0.1, 1, 1], [1, 1, 1, 0.4, 0.4]]
[[0, 0, 0, 0.2, 0.2], [0.3, 0.3, 0.3, 0, 0]]
---------------
cut
[[0, 0, 0, 1, 1], [0.3, 0.3, 0.3, 0.4, 0.4]]
[[0.1, 0.1, 0.1, 0.2, 0.2], [1, 1, 1, 0, 0]]
---------------
cut
[[0, 0, 0, 1, 1], [0.3, 0.3, 0.3, 0.4, 0.4]]
[[0.1, 0.1, 0.1, 0.2, 0.2], [1, 1, 1, 0, 0]]
---------------
cut
[[0, 0, 0, 1, 1], [0.3, 0.3, 0.3, 0.4, 0.4]]
[[0.1, 0.1, 0.1, 0.2, 0.2], [1, 1, 1, 0, 0]]
---------------
ind
[[0, 0, 0, 1, 1], [1, 1, 1, 0.4, 0.4]]
[[0.1, 0.1, 0.1, 0.2, 0.2], [0.3, 0.3, 0.3, 0, 0]]
---------------
ind
[[0, 0, 0, 1, 1], [0.3, 0.3, 0.3, 0, 0]]
[[0.1, 0.1, 0.1, 0.2, 0.2], [1, 1, 1, 0.4, 0.4]]
---------------
ind
[[0, 0, 0, 0.2, 0.2], [1, 1, 1, 0.4, 0.4]]
[[0.1, 0.1, 0.1, 1, 1], [0.3, 0.3, 0.3, 0, 0]]
---------------
ind
[[0, 0, 0, 0.2, 0.2], [1, 1, 1, 0, 0]]
[[0.1, 0.1, 0.1, 1, 1], [0.3, 0.3, 0.3, 0.4, 0.4]]
---------------
cut
[[0, 0, 0, 1, 1], [0.3, 0.3, 0.3, 0.4, 0.4]]
[[0.1, 0.1, 0.1, 0.2, 0.2], [1, 1, 1, 0, 0]]
---------------
ind
[[0.1, 0.1, 0.1, 1, 1], [1, 1, 1, 0, 0]]
[[0, 0, 0, 0.2, 0.2], [0.3, 0.3, 0.3, 0.4, 0.4]]
---------------
cut
[[0, 0, 0, 1, 1], [0.3, 0.3, 0.3, 0.4, 0.4]]
[[0.1, 0.1, 0.1, 0.2, 0.2], [1, 1, 1, 0, 0]]
---------------
ind
[[0, 0, 0, 1, 1], [1, 1, 1, 0.4, 0.4]]
[[0.1, 0.1, 0.1, 0.4, 0.4], [0.3, 0.3, 0.3, 0.4, 0.4]]
---------------
ind
[[0, 0, 0, 1, 1], [0.3, 0.3, 0.3, 0, 0]]
[[0.1, 0.1, 0.1, 0.2, 0.2], [1, 1, 1, 0.4, 0.4]]
---------------
ind
[[0, 0, 0, 1, 1], [1, 1, 1, 0.4, 0.4]]
[[0.1, 0.1, 0.1, 0, 0], [0.3, 0.3, 0.3, 0.4, 0.4]]
---------------
cut
[[0, 0, 0, 1, 1], [0.3, 0.3, 0.3, 0.4, 0.4]]
[[0.1, 0.1, 0.1, 0.2, 0.2], [1, 1, 1, 0, 0]]
---------------
cut
[[0, 0, 0, 1, 1], [0.3, 0.3, 0.3, 0.4, 0.4]]
[[0.1, 0.1, 0.1, 0.2, 0.2], [1, 1, 1, 0, 0]]
---------------
ind
[[0, 0, 0, 0.2, 0.2], [0.1, 0.1, 0.1, 0, 0]]
[[1, 1, 1, 0.2, 0.2], [0.3, 0.3, 0.3, 1, 1]]
---------------
ind
[[0, 0, 0, 0.2, 0.2], [1, 1, 1, 0, 0]]
[[0.1, 0.1, 0.1, 1, 1], [0.3, 0.3, 0.3, 0.4, 0.4]]
---------------
ind
[[0, 0, 0, 0.2, 0.2], [1, 1, 1, 0, 0]]
[[0.1, 0.1, 0.1, 0.2, 0.2], [0.3, 0.3, 0.3, 1, 1]]
---------------
cut
[[0, 0, 0, 1, 1], [0.3, 0.3, 0.3, 0.4, 0.4]]
[[0.1, 0.1, 0.1, 0.2, 0.2], [1, 1, 1, 0, 0]]
---------------
ind (SAME AS ORIGINAL)
[[0, 0, 0, 1, 1], [1, 1, 1, 0, 0]]
[[0.1, 0.1, 0.1, 0.2, 0.2], [0.3, 0.3, 0.3, 0.4, 0.4]]
---------------
cut
[[0, 0, 0, 1, 1], [0.3, 0.3, 0.3, 0.4, 0.4]]
[[0.1, 0.1, 0.1, 0.2, 0.2], [1, 1, 1, 0, 0]]
---------------
ind
[[0, 0, 0, 1, 1], [0.3, 0.3, 0.3, 0, 0]]
[[0.1, 0.1, 0.1, 0.2, 0.2], [1, 1, 1, 0.4, 0.4]]
---------------
cut
[[0, 0, 0, 1, 1], [0.3, 0.3, 0.3, 0.4, 0.4]]
[[0.1, 0.1, 0.1, 0.2, 0.2], [1, 1, 1, 0, 0]]
---------------
ind
[[0, 0, 0, 1, 1], [1, 1, 1, 0.4, 0.4]]
[[0.1, 0.1, 0.1, 0.2, 0.2], [0.3, 0.3, 0.3, 0, 0]]
---------------
ind
[[0.1, 0.1, 0.1, 1, 1], [1, 1, 1, 0, 0]]
[[0, 0, 0, 0.2, 0.2], [0.3, 0.3, 0.3, 0.4, 0.4]]
---------------
cut
[[0, 0, 0, 1, 1], [0.3, 0.3, 0.3, 0.4, 0.4]]
[[0.1, 0.1, 0.1, 0.2, 0.2], [1, 1, 1, 0, 0]]
---------------
cut
[[0, 0, 0, 1, 1], [0.3, 0.3, 0.3, 0.4, 0.4]]
[[0.1, 0.1, 0.1, 0.2, 0.2], [1, 1, 1, 0, 0]]
---------------
ind
[[0.1, 0.1, 0.1, 1, 1], [1, 1, 1, 0, 0]]
[[0, 0, 0, 0.2, 0.2], [0.3, 0.3, 0.3, 0.4, 0.4]]
---------------
